%YAML:1.0
---
R: !!opencv-matrix
   rows: 3
   cols: 3
   dt: d
   data: [ 9.9962212617280333e-01, 4.4495851956076488e-03,
       -2.7125745286553898e-02, -4.4843552597869079e-03,
       9.9998919966212585e-01, -1.2211130189541891e-03,
       2.7120018872928413e-02, 1.3422930708556773e-03,
       9.9963128343687002e-01 ]
T: !!opencv-matrix
   rows: 3
   cols: 1
   dt: d
   data: [ -9.6131680600739919e+00, -5.1484399490280847e-03,
       7.4030339336855679e-04 ]
R1: !!opencv-matrix
   rows: 3
   cols: 3
   dt: d
   data: [ 9.9961748971012765e-01, 4.9850365258163418e-03,
       -2.7203376195965849e-02, -5.0023765167855061e-03,
       9.9998732592381867e-01, -5.6940399966506406e-04,
       2.7200192918567276e-02, 7.0526772703606751e-04,
       9.9962975751156291e-01 ]
R2: !!opencv-matrix
   rows: 3
   cols: 3
   dt: d
   data: [ 9.9999985362190902e-01, 5.3556113481396841e-04,
       -7.7009293958513192e-05, -5.3551194054067748e-04,
       9.9999965346291031e-01, 6.3741746200687225e-04,
       7.7350643291238322e-05, -6.3737612930648527e-04,
       9.9999979388425275e-01 ]
P1: !!opencv-matrix
   rows: 3
   cols: 4
   dt: d
   data: [ 6.1317601581827444e+02, 0., 3.3003557586669922e+02, 0., 0.,
       6.1317601581827444e+02, 2.3686739349365234e+02, 0., 0., 0., 1.,
       0. ]
P2: !!opencv-matrix
   rows: 3
   cols: 4
   dt: d
   data: [ 6.1317601581827444e+02, 0., 3.3003557586669922e+02,
       -5.8945649533028254e+03, 0., 6.1317601581827444e+02,
       2.3686739349365234e+02, 0., 0., 0., 1., 0. ]
Q: !!opencv-matrix
   rows: 4
   cols: 4
   dt: d
   data: [ 1., 0., 0., -3.3003557586669922e+02, 0., 1., 0.,
       -2.3686739349365234e+02, 0., 0., 0., 6.1317601581827444e+02, 0.,
       0., 1.0402396456327136e-01, 0. ]
