%YAML:1.0
---
M1: !!opencv-matrix
   rows: 3
   cols: 3
   dt: d
   data: [ 6.4208746096889331e+02, 0., 3.1831896334442291e+02, 0.,
       6.4215892852696174e+02, 2.3537926437163367e+02, 0., 0., 1. ]
D1: !!opencv-matrix
   rows: 1
   cols: 14
   dt: d
   data: [ 1.2116540832698534e-02, 1.6538184454748939e-01, 0., 0., 0.,
       0., 0., 7.1385112361216263e-01, 0., 0., 0., 0., 0., 0. ]
M2: !!opencv-matrix
   rows: 3
   cols: 3
   dt: d
   data: [ 6.4208746096889331e+02, 0., 3.1999194353794854e+02, 0.,
       6.4215892852696174e+02, 2.3874039177346125e+02, 0., 0., 1. ]
D2: !!opencv-matrix
   rows: 1
   cols: 14
   dt: d
   data: [ 4.6734352382315290e-02, -3.6231272692477823e-01, 0., 0., 0.,
       0., 0., -6.5491877872902771e-01, 0., 0., 0., 0., 0., 0. ]
